0.2
2.2
-0.81
2.2
1.3
0.595
1.6
1.1
-0.61
0.2
1.1
1.2
-0.4
1.795
1.1
2.8
1.1
-0.7
1.9
-0.205
2.3
0.2
-0.4
-0.4
0.5
1.2
-0.1
-0.1
1.795
1.1
-0.905
-0.205
-1.3
0.285
-1.3
1.1
3.3
0.285
-1.115
2.2
1.1
2.4
-1.0
4.2
-1.6
-0.31
3.6
2.3
1.8
1.2
-0.1
0.5
1.2
1.9
1.1
1.2
4.2
-1.51
-1.6
2.2
-2.71
-1.0
1.1
-0.615
-0.525
0.9
2.1
-0.7
0.1
0.39
-0.7
1.2
-1.6
1.795
2.1
-0.4
-0.7
1.9
0.9
0.8
1.99
3.4
1.3
1.1
1.1
2.8
0.29
-1.3
-0.91
-1.9
-1.0
-1.505
-1.8
1.1
-2.305
-1.215
-0.4
-3.0
-0.7
-2.8
-0.7
1.195
1.1
2.7
2.2
1.3
-0.8
-2.145
1.1
2.39
0.4
-0.31
-0.1
-0.7
0.5
1.6
-1.9
0.395
-1.4
-0.4
-0.7
0.2
0.495
1.1
0.395
-0.1
-0.91
-1.6
1.3
-0.31
-0.215
1.2
-0.905
-1.425
1.9
4.39
-0.7
1.795
1.1
-0.905
-0.21
-0.305
0.5
-1.0
2.5
0.89
2.2
-0.605
-1.9
3.3
2.9
1.8
1.2
-2.4
-0.91
2.8
-1.0
2.2
1.1
-3.0
-3.0
1.9
0.9
2.3
-2.525
2.5
3.3
1.0
2.395
-0.305
-2.41
2.4
-0.7
-0.31
1.1
-0.61
2.8
1.9
3.2
5.19
-0.82
2.395
2.2
2.5
3.4
2.395
-0.7
1.3
1.1
-1.1
-1.3
0.1
3.4
4.39
-2.8
1.4
-1.215
-0.905
-0.61
2.2
-0.805
-0.225
1.2
-1.6
-1.1
4.395
0.5
1.2
1.4
2.2
0.3
0.3
2.2
0.395
-0.4
-0.7
-0.31
2.9
2.395
-4.0
-1.6
3.5
1.1
0.39
-0.605
-1.3
-0.825
-2.205
1.1
1.1
0.2
-0.3
-4.5
0.99
-1.0
-1.5
0.7
-0.7
-1.6
-1.9
2.395
3.5
-0.31
1.795
1.2
1.3
1.3
2.9
2.7
-1.3
1.1
4.285
2.2
2.2
-0.7
0.2
-0.31
-1.21
-2.5
1.7
-0.9
-1.0
1.79
1.1
0.895
2.39
1.1
-0.3
-0.1
-0.1
2.2
2.095
-0.7
-0.3
2.095
1.1
1.5
2.395
-1.3
-0.305
1.2
-0.6
0.3
-0.525
-0.7
-0.91
1.2
-0.205
0.4
-0.21
-0.6
-3.1
0.395
0.2
-0.31
1.1
-0.7
-7.8
0.395
1.1
-2.5
-0.605
1.1
1.1
-0.7
1.3
0.6
2.2
1.2
0.395
4.385
1.795
-1.0
-0.4
0.8
-1.0
2.2
-1.2
-0.61
-1.3
0.995
2.2
2.5
2.395
1.195
-1.0
-0.7
1.4
0.2
-0.7
1.9
-0.605
0.6
0.1
-0.305
0.8
3.9
1.1
1.1
1.675
-0.7
0.395
-0.7
-0.7
-0.1
-0.905
0.1
3.9
3.5
-0.61
-0.31
2.2
-0.31
1.3
2.9
-3.315
0.4
2.2
1.2
-0.31
-0.31
2.2
2.2
2.9
-1.61
2.2
0.8
4.5
1.1
1.0
4.395
0.9
-1.0
-1.3
0.3
0.2
2.8
-2.11
-1.2
2.8
0.9
0.8
1.19
-0.215
0.6
-0.91
-2.615
3.9
1.2
-0.905
2.395
-0.205
0.39
4.395
1.1
-1.5
0.395
1.4
0.2
0.0
3.3
2.5
1.795
-0.7
2.2
0.2
0.6
0.4
1.9
2.2
1.795
-0.4
1.3
-0.905
3.3
0.2
-1.51
1.3
0.4
-0.205
1.3
0.2
-2.7
1.3
-3.4
2.5
1.9
-0.7
1.9
1.3
2.4
-0.7
3.3
2.2
-0.7
1.0
2.5
1.1
0.2
-2.305
-0.615
0.3
-4.6
1.795
2.7
1.2
-0.1
1.3
-2.7
-0.1
-0.2
2.2
-1.3
1.9
1.2
0.3
-0.52
-0.9
2.395
-0.7
-2.1
1.1
-2.4
1.1
1.1
3.4
-2.905
2.2
2.4
0.6
4.39
-0.7
4.275
-0.7
-2.8
2.9
2.095
-1.12
0.7
-0.1
0.1
-0.1
2.2
-0.61
2.2
4.395
-0.1
1.9
0.5
-1.815
1.1
-1.3
-0.805
-2.21
3.9
-2.1
0.9
0.3
2.1
2.395
2.395
2.2
-2.31
0.1
0.6
0.5
-0.1
0.9
1.2
-1.13
1.0
3.2
1.1
1.2
-0.1
1.0
-1.21
-2.605
2.5
1.0
-1.415
-1.515
1.0
-2.2
-0.9
-3.0
0.2
-0.1
0.2
2.8
1.9
2.5
3.4
1.8
-0.32
-0.815
-0.91
0.9
2.2
2.2
0.39
3.4
2.29
1.7
1.795
2.2
1.2
-0.4
2.2
0.4
-2.61
4.5
2.2
-1.0
4.5
-2.315
-0.905
-0.8
2.3
-1.9
1.2
2.9
0.885
-1.0
0.5
1.795
-0.7
-0.205
-2.5
-1.3
-0.1
0.9
1.1
4.395
4.285
0.3
1.2
2.5
-0.91
-0.1
1.09
0.9
0.3
0.0
0.1
-0.91
-0.1
-1.425
-2.7
1.7
-0.52
3.4
2.9
-0.4
0.3
-1.61
-1.0
1.795
-0.1
0.295
0.9
2.2
0.6
1.19
2.2
1.1
2.2
2.5
2.5
-0.9
-1.3
1.0
-1.0
-0.7
1.7
2.4
2.2
-0.7
-1.1
-0.1
-0.1
3.3
-0.1
-1.0
1.1
1.2
-1.5
4.39
1.1
-0.7
-0.4
1.1
0.2
1.2
2.2
-0.1
1.795
1.9
-0.7
4.2
2.9
3.2
1.795
1.0
1.0
2.2
2.2
-0.4
-0.32
4.395
2.2
0.7
4.5
1.2
0.4
1.7
1.2
1.1
0.6
-0.8
-0.7
2.2
1.9
0.9
-4.6
-0.9
3.4
2.2
-1.1
-1.5
-0.1
0.9
0.895
-0.7
-0.7
1.9
-0.315
2.9
-1.0
1.4
1.3
0.4
3.9
1.1
0.7
1.4
-0.7
0.295
1.3
3.4
0.2
-3.6
4.395
1.1
2.2
-0.825
2.2
-1.3
-1.3
-0.315
2.5
0.3
-1.7
-2.205
-0.4
-1.3
-1.6
4.2
-3.6
-0.7
-0.4
1.9
1.9
0.3
-1.21
1.5
0.2
1.1
2.5
-1.0
-1.0
1.2
1.195
-0.7
1.1
1.795
0.2
1.9
1.1
-0.7
1.9
1.2
1.1
-1.0
-0.5
-0.915
-1.1
-0.315
1.195
3.3
2.2
0.1
1.9
-0.7
-1.0
1.3
-0.61
0.2
0.275
2.9
1.495
-0.1
-1.0
-0.7
1.1
3.9
4.8
-0.4
-0.5
0.395
1.9
2.2
1.3
2.2
-1.2
-0.9
1.9
-1.0
-1.7
2.2
-2.305
0.39
-0.61
0.7
0.5
-1.105
0.6
1.1
2.4
-0.8
-2.8
0.29
0.8
1.1
2.3
-1.0
-0.7
1.3
-1.7
-0.7
0.7
4.8
0.3
-3.1
0.2
-0.7
-0.7
3.4
1.795
-0.905
2.2
-1.215
3.4
1.2
1.495
-1.3
-2.215
1.1
-0.01
0.4
2.3
2.2
4.395
0.9
-0.7
-2.1
2.2
2.395
-2.915
1.0
1.9
-0.4
-3.1
4.5
-1.0
-0.9
-0.235
0.2
2.3
1.2
1.9
1.9
0.9
-1.105
2.395
2.395
-2.405
0.39
0.8
-0.4
1.9
4.395
2.2
1.9
0.59
1.3
0.3
1.1
0.7
0.7
-1.6
1.9
0.9
1.495
0.9
-1.41
0.9
4.395
-0.61
1.2
0.9
0.8
2.8
0.6
1.1
1.1
2.3
1.1
1.2
0.4
1.3
-0.8
4.39
2.2
4.395
1.9
-1.8
1.1
0.2
3.795
2.9
0.295
-0.1
0.3
1.1
-1.3
0.3
2.2
0.395
-0.515
-2.41
-2.7
-0.805
1.1
-0.3
-1.8
1.1
-0.305
-0.305
3.295
1.3
0.7
3.3
-4.5
0.5
3.3
1.9
-0.615
0.7
-1.0
1.095
0.3
-2.41
1.1
-2.7
3.6
-0.7
-1.0
1.5
2.2
1.7
-0.9
1.2
0.9
2.9
0.8
0.095
2.3
0.8
4.5
0.2
2.9
3.3
2.395
-0.825
-0.7
-0.815
1.6
5.4
-0.205
0.9
-0.605
-1.0
1.9
0.39
1.3
-0.7
-0.4
1.1
-1.7
-1.0
0.3
0.59
0.29
-0.9
1.5
1.2
-0.905
3.3
-0.91
-0.31
2.4
-0.4
-0.915
0.2
2.3
-0.5
0.5
-0.1
-0.4
0.3
0.1
-1.6
2.2
3.4
-1.3
0.395
0.295
-0.7
-0.305
-3.7
1.1
3.4
4.2
-1.0
1.5
-2.1
0.395
4.4
1.3
-3.3
-2.405
-0.225
1.1
-1.0
0.5
-1.0
1.1
-1.105
1.0
2.2
1.6
0.9
0.3
-0.4
0.9
2.5
1.2
-0.7
2.1
2.2
1.2
2.2
2.2
1.495
4.5
3.9
0.2
2.395
0.1
-1.0
-0.4
1.3
-2.605
2.2
2.9
1.2
0.5
-1.8
-1.1
1.2
0.5
2.5
2.29
1.6
-0.7
1.795
2.2
1.795
-0.8
-2.7
3.3
0.395
1.9
-0.1
-1.51
0.395
0.3
0.2
-0.31
-0.7
0.5
0.395
2.3
1.6
-0.9
3.3
2.3
3.3
1.2
2.2
-1.6
0.9
-2.7
2.2
2.9
-0.4
1.1
-1.605
1.2
2.9
-1.3
0.8
-0.9
2.2
2.2
2.2
-1.0
4.5
2.3
3.6
2.1
-2.315
1.2
3.4
2.5
2.2
0.4
0.795
-0.5
1.2
2.2
0.2
-2.1
-0.825
-0.7
-0.3
3.5
3.5
1.1
2.2
-0.82
1.1
2.3
3.9
1.9
0.28
2.2
0.6
-0.305
-2.605
-1.0
-0.7
-2.315
0.2
3.9
1.7
1.79
2.3
-0.7
2.3
0.8
-1.1
-0.61
-2.1
1.795
-1.3
3.79
3.9
0.2
-0.91
0.5
3.5
-2.8
1.3
-0.1
2.69
-0.7
-0.3
2.2
2.9
0.9
-2.615
-2.5
1.1
0.8
-0.61
1.5
2.395
4.5
-0.805
-2.31
-0.9
-1.6
0.5
0.6
1.2
3.9
0.9
-0.31
-0.1
1.2
1.295
-2.025
-0.2
2.2
-0.7
-1.3
2.1
-1.3
-1.9
0.7
-0.205
0.2
-0.7
1.9
-1.0
3.4
-1.0
1.685
0.9
-0.4
3.79
1.79
1.1
-0.7
-0.805
-1.0
-0.21
1.0
1.1
2.2
-0.4
1.1
0.8
1.1
-0.7
-3.01
-2.405
-0.1
-0.9
2.2
2.9
-0.7
0.5
2.4
1.0
0.2
0.2
-1.9
1.1
0.5
-0.1
2.1
4.5
-0.905
0.5
1.085
3.4
1.1
1.3
-3.3
-1.0
2.39
-3.405
2.9
-1.605
-0.7
0.7
-0.9
-0.4
0.5
1.9
2.2
0.6
-1.3
-1.1
2.2
3.5
0.2
1.3
0.6
-2.2
-1.0
-0.7
-1.0
0.295
-0.7
1.3
-0.305
-0.4
-0.7
2.1
-0.4
1.9
-0.4
-0.91
-2.11
-0.1
0.5
-1.21
-0.7
-3.1
-1.3
3.9
4.7
0.595
1.2
0.2
-0.205
1.785
1.2
-0.605
-2.115
1.1
-2.91
0.2
0.3
-2.31
-1.605
0.2
2.3
1.1
-2.21
4.285
1.1
-0.4
-0.525
0.6
2.9
-1.3
-0.7
-0.21
1.2
-0.31
-0.205
1.9
-1.2
3.9
-0.4
-3.21
-0.4
0.4
-2.7
-3.1
2.2
0.89
-2.2
1.1
0.89
1.795
-1.0
-1.1
0.2
-0.305
0.2
-1.0
2.39
-1.3
-2.225
-0.4
2.2
0.1
-2.705
2.2
-1.3
1.1
-2.1
-0.2
2.1
-0.805
1.3
2.5
-4.2
-0.4
0.39
1.1
2.2
3.4
-0.7
2.39
1.3
3.795
-0.3
1.795
-2.61
1.9
1.1
0.1
2.395
-0.7
-0.7
0.1
-2.7
1.1
1.9
0.9
-0.225
-0.7
-0.91
-0.51
0.3
1.9
1.5
1.5
-0.91
0.2
0.3
2.39
-0.91
1.79
-0.31
1.9
3.3
-2.415
2.2
-2.61
-3.0
2.2
-0.905
-1.0
1.3
0.7
-0.4
0.2
2.2
-0.91
-3.0
3.4
-0.205
0.7
1.7
0.795
-1.21
-1.6
-0.21
1.1
2.2
0.9
0.6
1.1
1.19
1.2
4.5
1.0
4.395
1.9
1.2
-1.7
-1.5
-4.41
1.1
-0.4
1.795
0.3
0.995
-3.505
-0.905
1.3
1.795
-1.2
-3.315
-1.415
2.9
1.7
1.2
0.29
-1.0
1.1
1.6
3.5
2.9
5.3
-1.0
1.795
1.1
1.795
0.2
3.795
0.7
1.9
-2.8
-1.0
1.1
-0.305
2.4
-0.7
1.6
2.9
1.495
-0.905
-0.7
0.395
1.4
-0.305
-1.125
-0.305
-2.1
-0.7
1.5
2.5
2.695
2.2
-0.605
1.1
0.5
3.795
-4.6
-2.105
-0.32
2.2
2.2
2.39
-1.6
-0.905
0.5
-1.0
2.395
-1.4
-2.4
-1.5
1.1
3.9
-0.7
2.2
-0.905
4.395
4.39
1.0
-0.905
-1.0
-0.7
1.1
0.7
3.3
1.9
1.7
-1.6
0.2
2.395
2.9
3.3
-0.91
-0.7
1.1
-0.91
0.285
0.39
1.9
0.9
2.39
-0.605
1.675
1.795
-0.505
-0.6
-1.0
-2.805
-2.8
2.2
-0.1
-1.1
-1.0
-1.3
2.2
0.3
-0.7
1.1
-1.3
2.39
-0.7
-0.315
1.1
3.3
3.5
1.1
0.2
-1.605
0.3
-1.0
-0.7
0.2
1.1
-2.7
0.5
0.49
1.785
1.6
-0.5
-0.4
1.2
-0.7
-0.605
-1.0
1.1
-0.825
3.9
1.1
1.1
2.39
-0.4
1.2
-1.3
-2.41
0.7
-0.5
0.89
1.2
1.9
2.2
-3.205
2.2
1.9
-0.7
-0.225
1.0
2.39
-2.1
-1.6
0.1
1.6
2.2
1.0
1.3
1.9
-1.6
1.2
-1.4
0.2
0.995
-1.7
2.9
3.5
4.395
1.1
0.2
1.1
-0.605
2.9
1.1
0.8
2.5
2.2
-0.7
-4.0
1.9
2.5
1.1
0.895
1.1
-2.535
3.5
-0.7
-1.3
1.1
1.5
1.0
-0.31
2.7
3.9
0.3
0.2
0.1
0.89
1.1
2.2
1.3
0.2
3.9
-0.605
3.3
1.1
-0.1
-0.5
1.1
-1.6
1.2
-0.8
1.0
3.795
1.9
2.4
-1.3
1.3
-0.7
1.0
0.3
-0.31
1.2
1.8
3.79
0.395
-1.0
2.39
-0.805
2.39
2.2
0.975
-0.53
2.4
0.8
1.7
-1.3
-0.31
2.2
2.9
2.8
3.3
1.19
2.1
0.2
-0.305
1.1
-0.1
-0.7
2.2
1.0
1.1
-0.82
2.2
1.79
-0.4
1.1
-1.0
2.095
0.1
2.2
-0.8
-0.1
-0.605
4.395
2.2
1.1
2.2
2.395
0.8
0.1
-0.7
-0.7
-2.8
-1.0
-0.5
-0.21
-0.7
-0.31
1.1
0.6
1.9
-1.735
1.4
-1.505
1.1
3.3
0.9
1.9
2.5
2.2
1.3
1.1
-0.7
3.795
1.1
1.1
-0.9
2.8
4.285
0.5
4.3
1.9
0.6
2.1
2.8
0.9
-0.31
2.2
0.39
1.2
1.1
2.9
-0.7
3.3
1.1
-0.4
2.3
1.0
-0.1
1.1
1.2
0.8
0.3
-1.1
-0.305
-1.51
-1.21
1.1
-1.9
-0.7
0.9
1.1
0.1
2.2
-0.3
1.1
1.5
2.5
-0.605
0.5
1.3
1.0
1.1
-0.7
2.4
1.9
-1.405
2.2
3.3
-0.325
2.2
-0.9
-1.2
-0.315
-0.4
-1.1
-1.205
0.3
-0.1
2.3
-0.9
2.695
2.8
-0.7
0.4
4.4
2.1
-0.7
-1.0
-1.0
-0.9
1.1
-0.7
-0.1
-0.4
4.395
-0.62
-0.3
-0.4
0.4
-0.31
2.2
-0.3
0.3
2.2
4.5
0.395
1.1
1.2
-1.51
1.9
1.3
-0.215
0.7
0.9
1.9
-0.915
1.6
-2.4
-1.3
1.2
1.4
-0.525
0.7
-0.7
2.1
-3.0
0.995
-1.3
0.3
2.2
2.3
0.7
2.395
1.1
-1.0
1.1
-0.81
-0.3
2.3
2.2
0.2
1.6
0.9
-1.51
1.795
-1.0
-2.91
-0.1
-2.31
1.0
0.7
0.2
2.1
0.6
0.3
1.9
1.1
3.6
1.6
3.4
-2.5
4.5
-1.01
0.2
-0.4
-0.91
2.2
2.2
2.2
1.2
1.195
3.9
2.8
1.795
1.2
4.395
1.1
-0.205
2.8
3.5
1.9
1.2
1.3
4.695
2.2
-2.7
2.2
4.395
0.7
-0.7
-0.91
-2.5
2.2
1.1
-0.7
3.4
5.295
-1.0
1.1
2.2
2.4
3.3
-2.2
-1.3
0.3
2.395
-0.61
2.2
1.5
2.395
-1.4
2.395
-0.7
1.69
1.9
2.2
-0.7
0.1
0.7
-1.0
1.795
1.3
4.39
2.5
0.395
0.2
-1.3
0.1
0.2
0.3
-1.6
0.5
4.5
-0.4
-0.905
3.5
-0.7
-0.615
1.9
-2.2
-2.7
0.3
2.2
2.9
1.795
2.395
-1.21
3.4
1.4
-0.305
-0.4
0.5
-0.9
-0.305
-0.305
-0.305
-0.3
3.4
-0.605
3.4
0.8
4.395
2.1
-0.9
0.79
-1.01
2.2
4.395
0.9
2.59
1.6
-0.5
1.3
1.1
1.685
1.3
1.385
1.08
1.18
2.2
3.3
1.1
1.1
-0.8
-2.41
2.395
-0.31
1.795
3.9
0.8
0.5
2.1
-2.41
0.3
-0.3
2.9
-1.3
-2.7
0.9
0.3
-0.405
-0.305
3.2
1.175
1.1
0.7
1.395
2.2
2.5
4.5
1.79
1.2
1.785
0.2
0.5
1.1
1.3
2.2
0.4
2.2
-1.6
1.3
0.785
4.395
1.9
-0.605
2.795
1.1
2.2
-1.2
2.2
-1.51
2.1
-0.805
2.7
-0.7
-0.61
0.2
2.7
2.69
-2.2
-2.11
0.2
2.2
3.195
1.795
-2.7
-0.7
1.1
1.0
3.795
-0.605
-0.4
-2.91
3.2
-2.3
-1.1
1.2
0.285
1.1
-1.0
-1.0
0.3
4.395
0.3
1.0
1.1
2.3
4.4
2.8
1.3
3.9
-1.6
4.395
4.5
3.3
-1.7
0.8
0.785
2.395
4.5
4.4
2.8
3.4
3.0
0.7
2.8
0.39
1.9
2.39
2.2
0.9
-1.115
3.795
2.2
0.485
1.9
0.1
1.6
1.675
-0.31
1.795
1.3
-1.125
1.3
1.2
4.5
1.3
1.9
3.6
0.2
2.8
3.3
3.3
3.1
4.5
1.69
-0.91
-0.4
-0.5
1.3
1.39
-0.815
-3.4
-0.7
1.1
3.0
3.3
1.8
-0.4
-0.2
-2.2
-0.31
0.2
1.1
0.8
1.39
2.395
2.39
-0.715
-0.5
-0.905
1.1
5.3
-0.225
2.3
1.3
1.165
-0.4
1.0
0.8
3.795
-0.4
1.1
1.3
1.9
4.39
-0.31
-0.1
2.1
1.0
0.5
1.2
1.79
-0.315
1.0
3.385
3.2
-0.5
1.465
-0.205
1.6
2.3
2.2
-0.1
3.5
0.4
2.2
1.3
3.795
0.3
2.2
1.1
0.2
-0.1
1.3
-1.5
2.9
-0.7
-1.2
1.3
-0.7
2.09
1.6
-2.2
0.9
-0.41
2.1
2.1
2.2
2.2
3.3
2.5
-1.205
4.395
-1.3
3.2
1.6
0.9
2.6
1.1
-2.2
1.7
4.4
1.1
2.2
-1.1
1.1
3.3
-3.3
3.0
-0.4
1.6
1.795
2.2
0.7
1.6
1.1
0.8
0.8
0.2
-0.9
2.6
-0.4
1.385
-0.1
-0.4
1.395
0.285
0.4
-1.0
-0.5
3.4
-0.7
-1.0
-1.4
1.0
1.1
0.2
2.2
1.39
2.2
1.3
-1.3
-0.7
2.8
-1.3
1.09
-0.5
1.1
0.1
-0.7
1.39
0.7
-0.815
2.2
-0.105
0.495
1.6
0.49
1.3
-0.5
-2.91
2.2
1.1
0.9
2.395
1.6
4.395
1.1
2.2
3.2
-0.205
4.395
4.285
4.2
-1.1
2.5
2.4
-4.3
2.8
1.775
-2.325
0.9
-0.2
3.9
1.0
0.5
1.3
-2.8
2.5
0.79
0.9
0.79
0.2
1.3
2.2
3.3
2.2
2.5
1.4
-1.4
-0.1
2.5
0.4
3.3
2.5
1.3
0.0
-1.3
2.3
1.1
-0.8
4.5
1.095
-3.0
-0.81
0.1
2.4
0.79
2.7
2.9
-0.7
2.3
1.8
-0.515
2.2
3.795
0.2
3.2
1.9
0.2
4.2
3.3
1.3
1.6
-1.0
1.2
0.9
2.9
1.1
-2.825
4.395
3.9
1.1
3.3
4.8
-0.4
1.1
1.6
-0.605
1.79
2.2
4.39
1.0
1.1
-0.7
1.0
1.1
0.7
2.4
-0.91
0.2
2.1
2.2
0.5
4.4
0.7
1.085
2.9
1.195
1.9
-0.215
-0.61
3.9
3.2
2.395
-0.8
1.795
1.19
1.0
4.395
0.795
-0.9
-1.0
0.4
0.3
-1.3
2.7
-0.91
2.5
1.3
2.585
2.1
-1.0
4.285
1.795
2.5
1.3
2.9
1.9
-0.4
1.39
-0.3
3.4
2.1
1.79
-1.0
0.2
-0.5
-1.6
4.395
-3.0
1.3
2.5
2.79
-0.32
1.1
1.3
1.485
2.5
-0.9
0.1
1.0
-0.01
1.6
-2.5
-0.015
-1.1
1.09
1.795
0.7
-0.4
3.9
1.1
1.3
-0.4
-0.9
0.49
2.2
0.7
1.795
2.5
5.4
-0.815
-0.8
3.9
0.7
4.2
0.795
-1.3
1.1
-0.7
1.3
-0.805
2.7
1.3
1.175
4.5
-0.625
1.1
0.6
0.985
-2.405
2.2
2.2
3.685
0.1
-1.9
2.29
3.795
3.1
1.1
0.7
3.4
1.6
2.5
4.2
1.9
1.175
-0.7
2.39
2.2
1.385
0.5
-2.1
-0.4
0.79
-0.615
1.785
3.2
0.2
1.2
2.285
0.7
2.7
1.3
1.085
1.1
1.1
2.7
2.3
-0.205
1.1
-0.5
1.785
2.8
0.3
1.1
-0.605
2.995
0.7
-1.605
3.795
1.475
2.2
2.795
3.9
3.9
1.2
2.5
-0.5
1.3
1.1
-1.605
1.1
0.39
2.2
1.9
1.385
-0.315
2.6
1.795
1.3
0.4
0.79
-0.305
3.3
-0.8
0.395
-1.02
0.7
1.1
1.6
0.3
0.3
1.1
2.9
0.7
0.1
-0.5
-0.7
3.3
1.795
2.09
-2.5
0.595
1.2
-2.8
-1.6
2.5
4.39
2.5
2.395
0.7
0.3
1.3
-0.4
-0.7
-0.41
2.2
4.5
-0.61
1.0
0.3
0.1
0.375
1.1
-0.015
4.2
2.2
3.0
1.6
4.2
-0.815
4.395
0.9
-0.8
2.2
-1.0
2.1
1.9
1.1
-0.1
0.7
2.2
-0.71
-0.205
1.6
-2.8
-2.805
1.2
0.49
1.095
0.3
3.0
0.9
1.0
0.2
2.9
3.0
-0.215
4.395
2.5
1.6
-0.6
1.0
2.1
2.8
2.2
1.2
-2.5
4.095
2.285
2.9
1.1
1.69
1.3
-0.605
1.1
1.1
0.4
-1.0
3.3
1.795
0.2
3.3
0.28
2.1
1.1
3.5
0.4
2.1
-1.205
-0.5
0.3
-1.425
1.3
3.2
1.3
0.7
0.7
2.2
-0.61
2.3
2.2
1.4
1.9
-1.6
1.3
3.3
2.4
2.1
-0.025
3.2
2.2
3.2
3.1
1.195
1.785
2.395
1.1
-0.315
1.1
1.0
0.8
1.795
-3.4
-0.2
0.29
0.4
-0.615
1.385
-1.6
1.1
0.395
1.2
2.4
0.7
0.1
1.0
-1.21
4.39
1.9
2.5
2.1
2.385
1.0
1.5
4.285
-1.41
-0.5
2.1
-0.7
1.2
1.3
0.3
3.9
2.1
0.9
1.3
0.39
-0.92
-1.7
2.5
-0.1
2.3
3.3
2.5
1.695
0.3
-1.3
2.9
2.395
2.4
3.9
2.6
3.3
2.2
2.1
1.3
0.0
2.2
4.395
5.4
1.2
2.2
2.8
1.39
1.0
-0.4
1.0
-1.3
-0.205
-1.3
3.795
-3.115
4.5
2.7
2.395
-1.3
1.3
3.09
3.2
1.995
1.1
-0.205
-0.7
2.3
4.39
0.9
0.29
1.0
-1.215
2.2
2.29
0.4
1.695
0.4
3.4
3.0
2.4
1.3
3.9
-0.1
3.3
2.2
2.2
2.2
-0.4
2.795
-0.1
0.9
2.29
0.2
1.6
-0.1
2.6
3.2
1.795
1.1
1.6
2.395
1.0
2.2
1.3
2.1
1.0
2.6
1.48
0.6
-0.23
1.1
0.2
1.795
1.1
0.2
0.485
2.395
0.3
3.4
2.3
0.9
3.2
2.2
3.0
-1.3
1.795
-1.0
1.1
3.2
3.5
2.1
2.2
1.195
1.9
1.9
1.095
-0.5
1.2
1.0
0.7
3.2
1.6
-4.105
-2.11
0.6
2.6
-0.4
2.2
-0.8
-0.6
1.085
3.79
1.795
2.6
3.9
0.09
-0.7
-0.1
1.1
3.19
0.2
0.2
-1.0
0.2
2.5
1.18
-1.4
2.975
-0.7
2.9
3.9
0.885
-0.7
2.285
-0.21
2.9
3.795
1.395
2.7
2.395
-1.3
1.9
-0.7
1.7
0.7
-1.0
0.7
-0.9
0.4
-1.1
0.785
1.1
3.795
-0.71
1.1
3.9
4.2
-1.0
0.1
1.1
1.79
0.795
-0.205
2.4
3.4
2.2
-0.5
-0.205
3.0
1.6
2.4
1.1
-1.1
2.2
1.3
-1.0
3.9
4.5
2.9
4.395
1.6
-0.1
1.0
2.2
1.2
1.1
1.39
1.1
-0.2
1.2
-1.515
3.1
-3.0
-0.91
0.79
-0.91
0.2
1.6
3.3
1.1
1.18
1.3
1.1
2.3
1.095
2.2
2.7
4.8
-2.715
0.395
1.9
0.9
3.1
2.1
1.8
1.1
1.78
1.1
2.2
1.3
-0.9
-0.9
3.9
1.6
-0.305
2.8
0.2
-0.91
2.2
1.39
-1.3
2.7
1.9
1.1
2.2
2.1
1.1
-0.61
-0.605
4.5
0.9
0.395
4.5
2.5
2.285
0.4
-1.3
-0.8
-1.205
2.2
4.1
4.8
1.9
-2.8
1.1
1.1
1.3
1.495
1.1
1.175
-1.0
0.1
-0.8
2.395
0.7
-0.4
-0.2
1.9
1.9
-0.7
1.095
3.2
2.2
0.9
3.9
2.5
0.6
1.1
-0.7
-0.505
1.1
3.9
-0.1
1.1
-0.41
2.2
-0.4
2.2
1.475
1.1
-0.7
1.1
4.5
0.8
3.7
2.79
1.9
1.685
3.2
-1.51
2.395
0.395
3.4
0.3
1.2
3.29
3.685
4.8
3.2
-0.41
2.4
1.6
2.2
4.095
3.9
1.3
4.5
-0.7
1.4
1.1
1.6
3.9
1.1
3.085
2.1
0.3
1.09
3.3
2.2
-1.3
2.8
2.6
0.79
-0.605
1.3
1.195
1.9
3.2
-0.7
-0.7
1.9
1.1
0.9
-0.1
-3.1
2.2
-0.9
1.9
-0.8
1.0
1.1
1.3
1.195
0.785
1.185
2.5
1.0
-0.4
1.6
1.1
2.485
1.0
0.2
1.9
1.1
0.095
-0.8
2.5
2.7
2.2
1.6
1.1
1.9
1.1
1.9
3.0
1.3
2.2
1.1
1.395
1.6
2.2
-0.31
2.395
2.595
2.285
1.1
1.6
1.1
1.1
2.7
2.2
3.9
4.39
0.9
-2.61
-0.8
1.49
2.5
4.5
1.1
1.3
1.18
2.2
1.1
-1.115
-1.0
-0.9
3.0
2.2
1.475
4.29
2.8
1.385
-0.605
1.3
1.1
0.9
0.395
1.9
4.275
1.795
1.38
1.195
3.9
-2.905
3.2
2.2
0.5
2.5
1.9
3.2
2.6
1.695
1.1
3.0
-1.0
-1.21
1.6
3.095
-1.4
-0.4
4.5
1.1
2.395
-0.7
4.8
1.9
1.2
-1.4
-0.1
1.6
-0.4
2.5
-2.4
1.2
1.775
3.9
1.9
2.2
0.5
2.2
-1.0
4.395
2.5
1.9
2.2
1.69
4.2
1.2
1.09
1.1
1.195
2.6
1.0
2.2
-2.4
1.1
-0.535
0.9
-0.3
1.3
-0.2
0.2
0.7
3.4
-0.1
1.2
3.2
2.9
1.695
1.8
1.8
1.6
3.3
2.2
2.6
2.1
-0.5
0.7
1.4
1.1
1.1
1.765
0.495
2.2
1.795
2.2
-2.7
-0.305
3.4
2.39
-2.105
1.2
0.4
2.4
2.7
2.1
-0.2
0.1
0.595
-0.005
1.1
2.6
1.2
2.9
1.57
-0.7
-0.4
-0.71
-4.8
0.495
0.7
2.7
-0.61
-1.0
1.1
2.8
-0.8
-0.4
0.4
3.2
1.095
1.9
1.39
1.77
-0.3
1.2
-1.3
0.7
2.395
2.7
5.1
4.5
2.7
1.6
3.3
2.1
2.2
2.395
0.785
0.2
1.1
1.69
-1.6
-0.4
1.0
0.9
-1.2
1.3
2.695
1.1
-1.0
-0.8
1.795
-0.1
0.8
1.3
1.1
2.8
-0.7
1.1
0.79
3.79
-0.1
3.9
1.39
4.5
0.7
1.1
-0.8
0.9
0.6
-1.0
1.79
4.8
1.2
-0.8
2.1
1.685
2.3
1.1
0.1
3.795
-0.215
2.7
0.5
3.9
1.9
-0.315
1.1
-1.8
2.1
1.2
1.3
-0.505
1.9
1.3
-1.1
3.795
2.5
0.2
2.2
2.5
-0.8
-1.6
1.195
2.6
3.9
1.1
2.39
1.1
4.395
0.7
1.095
1.085
1.9
1.3
2.2
-0.9
0.7
1.1
1.9
3.2
1.6
1.1
1.1
1.4
1.3
0.7
-0.7
1.0
-1.22
1.0
0.6
4.4
-0.61
5.4
4.395
2.2
2.2
1.09
1.9
0.395
3.2
0.8
0.1
1.2
0.3
2.5
2.5
0.595
1.1
4.395
-1.3
2.3
4.2
0.6
1.1
1.095
3.79
2.2
3.79
-2.415
2.6
3.2
1.9
2.1
2.4
2.2
1.3
2.8
2.2
1.0
0.9
4.395
3.2
1.1
1.9
-0.605
0.9
2.18
1.795
1.1
1.685
-2.7
4.395
2.2
1.9
0.3
1.1
-0.4
1.1
-0.5
3.1
0.4
4.395
0.2
0.1
0.095
0.3
2.095
1.9
1.2
-2.5
-0.1
3.2
0.2
1.0
0.3
3.0
1.1
0.9
-0.8
-4.5
4.5
-1.0
1.3
1.9
1.1
-0.7
1.09
3.5
-1.3
-0.825
1.1
3.0
1.3
1.3
1.9
2.3
1.1
-1.0
0.7
1.9
1.87
0.2
2.2
2.4
0.7
0.2
0.2
1.185
-0.2
3.795
5.1
1.3
2.1
0.9
-1.5
2.095
3.3
-1.31
4.395
2.4
0.4
-0.61
1.2
1.1
3.795
1.6
1.6
2.395
0.2
-0.53
0.49
0.2
3.9
1.6
3.5
-1.0
4.4
3.795
2.095
1.395
0.7
2.8
-1.0
3.4
-0.825
-0.61
1.6
-1.0
1.6
1.795
1.6
-0.225
1.095
3.4
1.9
1.0
2.39
2.5
4.5
1.1
4.8
-0.7
1.9
3.9
2.8
2.1
-2.8
2.9
3.0
1.1
1.1
1.3
-0.215
-1.9
-0.205
2.2
1.395
1.5
0.7
1.2
3.9
4.395
2.29
3.685
1.2
1.1
-0.1
2.395
2.5
-2.605
-0.21
2.1
3.2
-1.1
-0.31
1.0
2.39
3.795
2.5
2.2
4.395
1.0
0.3
1.1
-0.8
-0.515
1.1
3.0
-0.7
-0.7
0.695
-0.8
4.39
-0.4
0.7
1.3
2.285
2.395
-2.31
1.795
3.2
2.5
1.1
4.395
-0.1
2.3
4.395
3.9
-1.4
-0.905
1.39
2.9
0.5
2.285
-1.215
2.8
1.2
2.7
2.2
0.7
-1.0
2.2
1.39
-2.2
-1.0
2.59
3.0
-1.3
0.3
2.7
2.2
1.79
1.0
3.4
-0.915
0.2
1.1
1.1
-4.7
-1.3
0.2
-1.125
2.5
-0.3
2.1
1.995
3.9
2.5
1.0
0.3
-0.3
2.4
2.8
2.1
2.885
-0.7
2.7
3.9
3.9
3.2
2.2
2.2
0.9
0.49
-0.91
3.5
1.9
4.4
2.2
2.1
1.39
4.18
3.4
1.1
0.6
1.09
2.8
2.2
3.4
-1.21
3.4
2.5
0.4
0.39
1.6
0.2
1.1
0.2
2.5
1.3
-0.61
3.79
1.385
3.4
3.3
1.9
1.1
2.785
3.095
0.78
1.9
1.39
1.6
2.2
-0.61
1.1
2.2
2.29
-0.2
0.3
0.3
1.475
2.2
2.29
1.1
1.095
-3.21
2.3
1.3
4.395
-0.205
2.9
1.39
1.7
1.375
2.4
0.875
1.3
2.3
3.0
-1.1
1.3
2.4
2.39
2.395
1.175
1.2
2.5
-0.61
2.6
1.3
3.1
-0.2
1.3
-0.5
-1.9
-0.205
2.4
-0.61
-0.8
1.0
-1.1
1.19
-1.6
0.89
2.29
-1.3
0.7
4.5
4.39
3.2
-0.3
2.4
1.1
2.5
1.795
-0.7
4.5
3.9
0.8
0.78
2.7
2.1
-0.1
0.2
-0.205
-0.7
-0.5
1.0
1.1
-1.6
4.395
-1.0
0.4
2.3
0.785
2.2
2.2
1.3
3.79
2.2
1.395
1.3
2.9
0.3
0.4
2.4
-0.1
1.1
-1.0
2.4
-0.1
2.3
-1.6
-1.3
2.5
-2.2
2.8
1.3
2.1
-0.7
3.2
1.0
2.5
1.0
-0.445
3.4
0.4
-0.4
1.775
2.5
2.1
4.275
1.1
3.3
5.3
-1.0
1.0
2.395
-1.0
2.2
1.9
1.2
0.7
-0.205
-0.2
5.4
2.29
0.3
0.2
2.2
2.595
-0.92
1.1
-0.905
3.2
2.395
1.3
1.2
1.1
1.1
-2.41
1.685
1.69
-1.0
0.49
1.4
2.5
2.2
-0.4
3.0
1.3
0.2
0.89
1.1
1.195
2.5
1.09
1.795
-2.41
2.395
-1.1
0.7
3.3
2.1
0.795
1.9
2.9
3.9
2.2
1.1
2.395
3.3
0.2
0.7
3.3
1.1
2.89
1.1
2.5
2.395
3.2
4.395
1.685
0.7
-1.9
0.1
0.1
0.1
0.2
2.8
4.5
3.3
2.49
1.1
3.69
-0.83
-0.605
1.9
1.9
2.1
1.3
1.795
1.9
2.395
3.0
2.7
1.1
2.1
0.7
-4.3
-1.0
-0.4
1.1
4.395
-0.325
3.3
2.2
-0.4
1.1
0.7
1.2
0.3
-0.3
1.795
-0.525
1.4
2.2
1.085
-1.51
1.1
1.1
1.3
-0.515
-2.3
1.1
0.1
-2.5
1.1
1.2
4.5
4.5
0.895
-0.7
1.9
0.985
0.79
2.2
0.785
0.2
2.395
1.795
1.395
2.1
-1.0
2.2
1.1
-0.4
1.1
2.395
3.9
2.5
1.6
2.9
-0.61
1.9
0.8
1.17
-0.315
2.2
0.29
1.6
2.2
0.1
3.1
2.1
0.875
-1.9
1.3
0.1
1.0
0.1
3.9
1.4
-1.3
1.9
-2.5
-2.5
1.3
1.1
-0.61
4.395
-0.31
3.9
-1.0
1.2
1.39
-0.7
4.395
-0.61
-2.105
2.2
2.1
0.3
-1.0
2.2
1.3
1.1
-0.325
0.2
1.2
2.2
-1.0
-1.215
2.2
-0.7
-2.205
5.4
0.6
2.395
0.1
-1.0
-3.0
1.0
0.1
2.3
0.9
-0.2
-1.4
4.4
0.295
2.2
-1.7
-1.2
2.4
1.1
1.1
1.2
1.8
2.8
1.6
1.1
3.3
3.8
4.4
0.295
3.695
2.1
-0.4
0.6
0.6
1.375
0.6
